Sample_Name	Scaling	Latitude_DD	Longitude_DD	Elevation_m	Pressure_hPa	Pressure_or_Elevation	Sample_Thickness_cm	Bulk_Density_gcm3	Shielding_Factor	Erosion_Rate_mmkyr	Conc_10Be	10Be_Standardization	Conc_26Al	26Al_Standardization	Attenuation_Length_gcm2	Depth_to_Top_of_Sample_gcm2	Year_Collected_AD	Latitude_Uncertainty	Longitude_Uncertainty	Elevation_Uncertainty	Pressure_Uncertainty	Thickness_Uncertainty	Density_Uncertainty	Shielding_Uncertainty	Erosion_Rate_Uncertainty	Conc_10Be_Uncertainty	Conc_26Al_Uncertainty	Attenuation_Length_Uncertainty	Depth_to_Top_of_Sample_Uncertainty	Year_Collected_Uncertainty
MR-14-03Boulder	SA	37.46809	118.80101	3342		Elevation	1.5	2.706	0.99259	1	584697	07KNSTD	0	None	156.3154	0	2014	2.73E-05	3.33E-05	5.0		0.3	0.03	0.01	1	7971	0	15	0	0
MR-14-04Boulder	SA	37.48041	118.80935	3423		Elevation	1.0	2.706	0.99424	1	614767	07KNSTD	0	None	162.7024	0	2014	2.73E-05	3.33E-05	5.0		0.2	0.03	0.01	1	12319	0	15	0	0
MR-14-05Boulder	SA	37.47586	118.79774	3407		Elevation	4.5	2.706	0.99262	0	567537	07KNSTD	0	None	157.5045	0	2014	2.73E-05	3.33E-05	5.0		0.9	0.03	0.01	0	8699	0	15	0	0
MR-14-06Boulder	SA	37.44579	118.79807	2967		Elevation	5.0	2.649	0.96673	1	413529	07KNSTD	0	None	150.1766	0	2014	3.64E-05	4.45E-05	5.0		1.0	0.02	0.01	1	8859	0	15	0	0
MR-14-07Boulder	SA	37.44408	118.81073	2903		Elevation	1.0	2.649	0.98014	1	430236	07KNSTD	0	None	158.6452	0	2014	1.46E-04	1.78E-04	5.0		0.2	0.02	0.01	1	8388	0	15	0	0
MR-13-02Boulder	SA	37.42074	118.87306	2569		Elevation	2.0	2.649	0.95309	0	431202	07KNSTD	0	None	163.1447	0	2013	2.73E-05	3.33E-05	5.0		0.4	0.02	0.01	0	6643	0	15	0	0
MR-14-08Boulder	SA	37.42120	118.86990	2604		Elevation	4.0	2.649	0.95957	1	392570	07KNSTD	0	None	162.9300	0	2014	3.64E-05	4.45E-05	5.0		0.8	0.02	0.01	1	5413	0	15	0	0
MR-13-01Boulder	SA	37.41201	118.91431	2479		Elevation	0.5	2.649	0.97472	1	328494	07KNSTD	0	None	152.4047	0	2013	2.73E-05	3.33E-05	5.0		0.1	0.02	0.01	1	9213	0	15	0	0
LEM-14-14	SA	37.38440	118.97843	2312		Elevation	5.5	2.692	0.99789	1	304159	07KNSTD	0	None	158.5523	0	2014	2.70E-05	3.43E-05	5.0		1.1	0.02	0.01	1	7013	0	15	0	0
LEM-14-15	SA	37.38251	118.97890	2311		Elevation	3.0	2.649	0.99875	1	291876	07KNSTD	0	None	158.4481	0	2014	2.60E-05	3.33E-05	5.0		0.6	0.02	0.01	1	6666	0	15	0	0
LEM-16-28	SA	37.38022	118.99899	2329		Elevation	5.0	2.649	0.99905	1	370883	07KNSTD	0	None	158.4596	0	2016	2.76E-05	3.31E-05	5.0		1.0	0.02	0.01	1	7344	0	15	0	0
LEM-16-29	SA	37.38041	118.99895	2327		Elevation	2.5	2.649	0.98370	0	81960	07KNSTD	0	None	144.8866	0	2016	2.76E-05	3.31E-05	5.0		0.5	0.02	0.01	0	3607	0	15	0	0
LEM-16-30	SA	37.38055	118.99882	2327		Elevation	1.5	2.649	0.99864	1	401633	07KNSTD	0	None	158.5195	0	2016	2.76E-05	3.31E-05	5.0		0.3	0.02	0.01	1	6781	0	15	0	0
C2-Boulder1	SA	37.79927	-119.21545	3409		Elevation	3.5	2.780	0.98934	1	600030	07KNSTD	0	None	144.3186	0	2012	2.70E-05	3.39E-05	5.0		0.7	0.030	0.01	1	8020	0	15	0	0
C2-Boulder2	SA	37.79964	-119.21551	3417		Elevation	4.5	2.780	0.99062	1	564290	07KNSTD	0	None	162.4138	0	2012	2.70E-05	3.40E-05	5.0		0.9	0.030	0.01	1	13150	0	15	0	0
UpLy-12-10	SA	37.79902	-119.21601	3400		Elevation	3.0	2.780	0.99130	1	535090	07KNSTD	0	None	152.9453	0	2012	2.60E-05	3.46E-05	5.0		0.6	0.030	0.01	1	8240	0	15	0	0
TM14-01	SA	37.77796	-119.26107	2955		Elevation	2.0	2.780	0.97533	0	432180	07KNSTD	0	None	136.4620	0	2014	2.70E-05	3.37E-05	5.0		0.4	0.030	0.01	0	7210	0	15	0	0
LoLy-11-08	SA	37.80048	-119.26350	2742		Elevation	2.0	2.780	0.96136	1	377210	07KNSTD	0	None	143.0508	0	2011	2.70E-05	3.38E-05	5.0		0.4	0.030	0.01	1	9140	0	15	0	0
TM14-02	SA	37.79127	-119.26223	2751		Elevation	5.0	2.780	0.97027	0	361270	07KNSTD	0	None	162.1859	0	2014	5.50E-05	6.81E-05	5.0		1.0	0.030	0.01	0	6060	0	15	0	0
TM14-03	SA	37.79449	-119.26229	2740		Elevation	4.0	2.780	0.96830	0	385360	07KNSTD	0	None	154.9657	0	2014	4.50E-05	5.71E-05	5.0		0.8	0.030	0.01	0	7810	0	15	0	0
TM14-04	SA	37.79741	-119.26256	2743		Elevation	0.5	2.780	0.96691	0	358220	07KNSTD	0	None	152.4697	0	2014	2.70E-05	3.36E-05	5.0		0.1	0.030	0.01	0	5350	0	15	0	0
TM14-05	SA	37.80099	-119.26339	2740		Elevation	0.5	2.780	0.96491	0	351970	07KNSTD	0	None	154.6653	0	2014	4.40E-05	5.70E-05	5.0		0.1	0.030	0.01	0	8330	0	15	0	0
TM14-06	SA	37.80535	-119.26567	2744		Elevation	0.5	2.780	0.96464	1	370770	07KNSTD	0	None	160.0402	0	2014	2.60E-05	3.46E-05	5.0		0.1	0.030	0.01	1	6350	0	15	0	0
TM14-07	SA	37.86468	-119.30659	2709		Elevation	4.0	2.667	0.99850	1	411860	07KNSTD	0	None	152.1977	0	2014	2.70E-05	3.45E-05	5.0		0.8	0.011	0.01	1	7050	0	15	0	0
TM14-11	SA	37.88017	-119.39292	2673		Elevation	2.0	2.667	0.99523	1	341560	07KNSTD	0	None	146.0568	0	2014	2.60E-05	3.38E-05	2.0		0.4	0.011	0.01	1	6690	0	15	0	0
TM14-12	SA	37.88028	-119.39346	2680		Elevation	3.0	2.667	0.99949	1	394770	07KNSTD	0	None	152.0743	0	2014	2.70E-05	3.37E-05	2.0		0.6	0.011	0.01	1	6710	0	15	0	0
TM14-13	SA	37.88072	-119.39328	2679		Elevation	2.5	2.667	0.98287	1	555020	07KNSTD	0	None	138.1154	0	2014	2.70E-05	3.38E-05	2.0		0.5	0.011	0.01	1	11250	0	15	0	0
TM14-15	SA	37.90074	-119.40054	2638		Elevation	2.5	2.780	0.99694	0	367840	07KNSTD	0	None	150.0159	0	2014	2.70E-05	3.35E-05	2.0		0.5	0.030	0.01	0	5740	0	15	0	0
TM14-16	SA	37.88201	-119.34608	2854		Elevation	3.0	2.780	0.99540	0	382900	07KNSTD	0	None	146.8097	0	2014	2.70E-05	3.36E-05	2.0		0.6	0.030	0.01	0	7380	0	15	0	0
TM14-17	SA	37.88387	-119.34530	2853		Elevation	1.5	2.780	0.99934	0	418720	07KNSTD	0	None	157.5909	0	2014	2.80E-05	3.36E-05	2.0		0.3	0.030	0.01	0	7290	0	15	0	0
TM14-18	SA	37.88412	-119.34521	2859		Elevation	2.0	2.780	0.99421	0	440290	07KNSTD	0	None	144.6238	0	2014	2.60E-05	3.46E-05	2.0		0.4	0.030	0.01	0	7210	0	15	0	0
